2021/12/21-19:11:37.430548 120ed4600 RocksDB version: 6.20.3
2021/12/21-19:11:37.431352 120ed4600 Git sha 8608d75d85f8e1b3b64b73a4fb6d19baec61ba5c
2021/12/21-19:11:37.431355 120ed4600 Compile date 2021-05-05 20:35:30
2021/12/21-19:11:37.431390 120ed4600 DB SUMMARY
2021/12/21-19:11:37.431394 120ed4600 DB Session ID:  N2QI35180C61MKCFFUZ5
2021/12/21-19:11:37.431514 120ed4600 CURRENT file:  CURRENT
2021/12/21-19:11:37.431517 120ed4600 IDENTITY file:  IDENTITY
2021/12/21-19:11:37.431524 120ed4600 MANIFEST file:  MANIFEST-000034 size: 974 Bytes
2021/12/21-19:11:37.431528 120ed4600 SST files in avail_light dir, Total Num: 9, files: 000015.sst 000016.sst 000017.sst 000023.sst 000024.sst 000025.sst 000031.sst 000032.sst 000033.sst 
2021/12/21-19:11:37.431529 120ed4600 Write Ahead Log file in avail_light: 000035.log size: 17716 ; 
2021/12/21-19:11:37.431532 120ed4600                         Options.error_if_exists: 0
2021/12/21-19:11:37.431533 120ed4600                       Options.create_if_missing: 1
2021/12/21-19:11:37.431534 120ed4600                         Options.paranoid_checks: 1
2021/12/21-19:11:37.431535 120ed4600                               Options.track_and_verify_wals_in_manifest: 0
2021/12/21-19:11:37.431536 120ed4600                                     Options.env: 0x10f1ca788
2021/12/21-19:11:37.431537 120ed4600                                      Options.fs: Posix File System
2021/12/21-19:11:37.431538 120ed4600                                Options.info_log: 0x6000023f4000
2021/12/21-19:11:37.431539 120ed4600                Options.max_file_opening_threads: 16
2021/12/21-19:11:37.431540 120ed4600                              Options.statistics: 0x0
2021/12/21-19:11:37.431541 120ed4600                               Options.use_fsync: 0
2021/12/21-19:11:37.431542 120ed4600                       Options.max_log_file_size: 0
2021/12/21-19:11:37.431543 120ed4600                  Options.max_manifest_file_size: 1073741824
2021/12/21-19:11:37.431544 120ed4600                   Options.log_file_time_to_roll: 0
2021/12/21-19:11:37.431545 120ed4600                       Options.keep_log_file_num: 1000
2021/12/21-19:11:37.431546 120ed4600                    Options.recycle_log_file_num: 0
2021/12/21-19:11:37.431547 120ed4600                         Options.allow_fallocate: 1
2021/12/21-19:11:37.431547 120ed4600                        Options.allow_mmap_reads: 0
2021/12/21-19:11:37.431548 120ed4600                       Options.allow_mmap_writes: 0
2021/12/21-19:11:37.431549 120ed4600                        Options.use_direct_reads: 0
2021/12/21-19:11:37.431550 120ed4600                        Options.use_direct_io_for_flush_and_compaction: 0
2021/12/21-19:11:37.431551 120ed4600          Options.create_missing_column_families: 1
2021/12/21-19:11:37.431552 120ed4600                              Options.db_log_dir: 
2021/12/21-19:11:37.431553 120ed4600                                 Options.wal_dir: avail_light
2021/12/21-19:11:37.431554 120ed4600                Options.table_cache_numshardbits: 6
2021/12/21-19:11:37.431555 120ed4600                         Options.WAL_ttl_seconds: 0
2021/12/21-19:11:37.431556 120ed4600                       Options.WAL_size_limit_MB: 0
2021/12/21-19:11:37.431557 120ed4600                        Options.max_write_batch_group_size_bytes: 1048576
2021/12/21-19:11:37.431558 120ed4600             Options.manifest_preallocation_size: 4194304
2021/12/21-19:11:37.431559 120ed4600                     Options.is_fd_close_on_exec: 1
2021/12/21-19:11:37.431560 120ed4600                   Options.advise_random_on_open: 1
2021/12/21-19:11:37.431560 120ed4600                    Options.db_write_buffer_size: 0
2021/12/21-19:11:37.431561 120ed4600                    Options.write_buffer_manager: 0x600000ef3ba0
2021/12/21-19:11:37.431562 120ed4600         Options.access_hint_on_compaction_start: 1
2021/12/21-19:11:37.431563 120ed4600  Options.new_table_reader_for_compaction_inputs: 0
2021/12/21-19:11:37.431564 120ed4600           Options.random_access_max_buffer_size: 1048576
2021/12/21-19:11:37.431565 120ed4600                      Options.use_adaptive_mutex: 0
2021/12/21-19:11:37.431592 120ed4600                            Options.rate_limiter: 0x0
2021/12/21-19:11:37.431597 120ed4600     Options.sst_file_manager.rate_bytes_per_sec: 0
2021/12/21-19:11:37.431598 120ed4600                       Options.wal_recovery_mode: 2
2021/12/21-19:11:37.431599 120ed4600                  Options.enable_thread_tracking: 0
2021/12/21-19:11:37.431600 120ed4600                  Options.enable_pipelined_write: 0
2021/12/21-19:11:37.431601 120ed4600                  Options.unordered_write: 0
2021/12/21-19:11:37.431602 120ed4600         Options.allow_concurrent_memtable_write: 1
2021/12/21-19:11:37.431603 120ed4600      Options.enable_write_thread_adaptive_yield: 1
2021/12/21-19:11:37.431604 120ed4600             Options.write_thread_max_yield_usec: 100
2021/12/21-19:11:37.431605 120ed4600            Options.write_thread_slow_yield_usec: 3
2021/12/21-19:11:37.431605 120ed4600                               Options.row_cache: None
2021/12/21-19:11:37.431606 120ed4600                              Options.wal_filter: None
2021/12/21-19:11:37.431607 120ed4600             Options.avoid_flush_during_recovery: 0
2021/12/21-19:11:37.431608 120ed4600             Options.allow_ingest_behind: 0
2021/12/21-19:11:37.431609 120ed4600             Options.preserve_deletes: 0
2021/12/21-19:11:37.431610 120ed4600             Options.two_write_queues: 0
2021/12/21-19:11:37.431611 120ed4600             Options.manual_wal_flush: 0
2021/12/21-19:11:37.431611 120ed4600             Options.atomic_flush: 0
2021/12/21-19:11:37.431612 120ed4600             Options.avoid_unnecessary_blocking_io: 0
2021/12/21-19:11:37.431613 120ed4600                 Options.persist_stats_to_disk: 0
2021/12/21-19:11:37.431614 120ed4600                 Options.write_dbid_to_manifest: 0
2021/12/21-19:11:37.431615 120ed4600                 Options.log_readahead_size: 0
2021/12/21-19:11:37.431616 120ed4600                 Options.file_checksum_gen_factory: Unknown
2021/12/21-19:11:37.431618 120ed4600                 Options.best_efforts_recovery: 0
2021/12/21-19:11:37.431620 120ed4600                Options.max_bgerror_resume_count: 2147483647
2021/12/21-19:11:37.431620 120ed4600            Options.bgerror_resume_retry_interval: 1000000
2021/12/21-19:11:37.431621 120ed4600             Options.allow_data_in_errors: 0
2021/12/21-19:11:37.431622 120ed4600             Options.db_host_id: __hostname__
2021/12/21-19:11:37.431623 120ed4600             Options.max_background_jobs: 2
2021/12/21-19:11:37.431624 120ed4600             Options.max_background_compactions: -1
2021/12/21-19:11:37.431625 120ed4600             Options.max_subcompactions: 1
2021/12/21-19:11:37.431626 120ed4600             Options.avoid_flush_during_shutdown: 0
2021/12/21-19:11:37.431627 120ed4600           Options.writable_file_max_buffer_size: 1048576
2021/12/21-19:11:37.431628 120ed4600             Options.delayed_write_rate : 16777216
2021/12/21-19:11:37.431629 120ed4600             Options.max_total_wal_size: 0
2021/12/21-19:11:37.431629 120ed4600             Options.delete_obsolete_files_period_micros: 21600000000
2021/12/21-19:11:37.431630 120ed4600                   Options.stats_dump_period_sec: 600
2021/12/21-19:11:37.431631 120ed4600                 Options.stats_persist_period_sec: 600
2021/12/21-19:11:37.431632 120ed4600                 Options.stats_history_buffer_size: 1048576
2021/12/21-19:11:37.431633 120ed4600                          Options.max_open_files: -1
2021/12/21-19:11:37.431634 120ed4600                          Options.bytes_per_sync: 0
2021/12/21-19:11:37.431635 120ed4600                      Options.wal_bytes_per_sync: 0
2021/12/21-19:11:37.431636 120ed4600                   Options.strict_bytes_per_sync: 0
2021/12/21-19:11:37.431637 120ed4600       Options.compaction_readahead_size: 0
2021/12/21-19:11:37.431637 120ed4600                  Options.max_background_flushes: -1
2021/12/21-19:11:37.431638 120ed4600 Compression algorithms supported:
2021/12/21-19:11:37.431642 120ed4600 	kZSTD supported: 1
2021/12/21-19:11:37.431644 120ed4600 	kZlibCompression supported: 1
2021/12/21-19:11:37.431658 120ed4600 	kXpressCompression supported: 0
2021/12/21-19:11:37.431659 120ed4600 	kSnappyCompression supported: 1
2021/12/21-19:11:37.431660 120ed4600 	kZSTDNotFinalCompression supported: 1
2021/12/21-19:11:37.431662 120ed4600 	kLZ4HCCompression supported: 1
2021/12/21-19:11:37.431663 120ed4600 	kLZ4Compression supported: 1
2021/12/21-19:11:37.431663 120ed4600 	kBZip2Compression supported: 1
2021/12/21-19:11:37.431665 120ed4600 Fast CRC32 supported: Not supported on x86
2021/12/21-19:11:37.431832 120ed4600 [db/version_set.cc:4627] Recovering from manifest file: avail_light/MANIFEST-000034
2021/12/21-19:11:37.432040 120ed4600 [db/column_family.cc:598] --------------- Options for column family [default]:
2021/12/21-19:11:37.432046 120ed4600               Options.comparator: leveldb.BytewiseComparator
2021/12/21-19:11:37.432049 120ed4600           Options.merge_operator: None
2021/12/21-19:11:37.432051 120ed4600        Options.compaction_filter: None
2021/12/21-19:11:37.432052 120ed4600        Options.compaction_filter_factory: None
2021/12/21-19:11:37.432053 120ed4600  Options.sst_partitioner_factory: None
2021/12/21-19:11:37.432054 120ed4600         Options.memtable_factory: SkipListFactory
2021/12/21-19:11:37.432055 120ed4600            Options.table_factory: BlockBasedTable
2021/12/21-19:11:37.432081 120ed4600            table_factory options:   flush_block_policy_factory: FlushBlockBySizePolicyFactory (0x6000002f8100)
  cache_index_and_filter_blocks: 0
  cache_index_and_filter_blocks_with_high_priority: 1
  pin_l0_filter_and_index_blocks_in_cache: 0
  pin_top_level_index_and_filter: 1
  index_type: 0
  data_block_index_type: 0
  index_shortening: 1
  data_block_hash_table_util_ratio: 0.750000
  hash_index_allow_collision: 1
  checksum: 1
  no_block_cache: 0
  block_cache: 0x6000031f4338
  block_cache_name: LRUCache
  block_cache_options:
    capacity : 8388608
    num_shard_bits : 4
    strict_capacity_limit : 0
    memory_allocator : None
    high_pri_pool_ratio: 0.000
  block_cache_compressed: 0x0
  persistent_cache: 0x0
  block_size: 4096
  block_size_deviation: 10
  block_restart_interval: 16
  index_block_restart_interval: 1
  metadata_block_size: 4096
  partition_filters: 0
  use_delta_encoding: 1
  filter_policy: nullptr
  whole_key_filtering: 1
  verify_compression: 0
  read_amp_bytes_per_bit: 0
  format_version: 5
  enable_index_compression: 1
  block_align: 0
2021/12/21-19:11:37.432087 120ed4600        Options.write_buffer_size: 67108864
2021/12/21-19:11:37.432089 120ed4600  Options.max_write_buffer_number: 2
2021/12/21-19:11:37.432090 120ed4600          Options.compression: Snappy
2021/12/21-19:11:37.432091 120ed4600                  Options.bottommost_compression: Disabled
2021/12/21-19:11:37.432092 120ed4600       Options.prefix_extractor: nullptr
2021/12/21-19:11:37.432093 120ed4600   Options.memtable_insert_with_hint_prefix_extractor: nullptr
2021/12/21-19:11:37.432094 120ed4600             Options.num_levels: 7
2021/12/21-19:11:37.432095 120ed4600        Options.min_write_buffer_number_to_merge: 1
2021/12/21-19:11:37.432096 120ed4600     Options.max_write_buffer_number_to_maintain: 0
2021/12/21-19:11:37.432097 120ed4600     Options.max_write_buffer_size_to_maintain: 0
2021/12/21-19:11:37.432098 120ed4600            Options.bottommost_compression_opts.window_bits: -14
2021/12/21-19:11:37.432099 120ed4600                  Options.bottommost_compression_opts.level: 32767
2021/12/21-19:11:37.432100 120ed4600               Options.bottommost_compression_opts.strategy: 0
2021/12/21-19:11:37.432101 120ed4600         Options.bottommost_compression_opts.max_dict_bytes: 0
2021/12/21-19:11:37.432101 120ed4600         Options.bottommost_compression_opts.zstd_max_train_bytes: 0
2021/12/21-19:11:37.432102 120ed4600         Options.bottommost_compression_opts.parallel_threads: 1
2021/12/21-19:11:37.432103 120ed4600                  Options.bottommost_compression_opts.enabled: false
2021/12/21-19:11:37.432104 120ed4600         Options.bottommost_compression_opts.max_dict_buffer_bytes: 0
2021/12/21-19:11:37.432134 120ed4600            Options.compression_opts.window_bits: -14
2021/12/21-19:11:37.432135 120ed4600                  Options.compression_opts.level: 32767
2021/12/21-19:11:37.432136 120ed4600               Options.compression_opts.strategy: 0
2021/12/21-19:11:37.432137 120ed4600         Options.compression_opts.max_dict_bytes: 0
2021/12/21-19:11:37.432138 120ed4600         Options.compression_opts.zstd_max_train_bytes: 0
2021/12/21-19:11:37.432139 120ed4600         Options.compression_opts.parallel_threads: 1
2021/12/21-19:11:37.432140 120ed4600                  Options.compression_opts.enabled: false
2021/12/21-19:11:37.432141 120ed4600         Options.compression_opts.max_dict_buffer_bytes: 0
2021/12/21-19:11:37.432142 120ed4600      Options.level0_file_num_compaction_trigger: 4
2021/12/21-19:11:37.432142 120ed4600          Options.level0_slowdown_writes_trigger: 20
2021/12/21-19:11:37.432143 120ed4600              Options.level0_stop_writes_trigger: 36
2021/12/21-19:11:37.432144 120ed4600                   Options.target_file_size_base: 67108864
2021/12/21-19:11:37.432145 120ed4600             Options.target_file_size_multiplier: 1
2021/12/21-19:11:37.432146 120ed4600                Options.max_bytes_for_level_base: 268435456
2021/12/21-19:11:37.432147 120ed4600 Options.level_compaction_dynamic_level_bytes: 0
2021/12/21-19:11:37.432148 120ed4600          Options.max_bytes_for_level_multiplier: 10.000000
2021/12/21-19:11:37.432149 120ed4600 Options.max_bytes_for_level_multiplier_addtl[0]: 1
2021/12/21-19:11:37.432151 120ed4600 Options.max_bytes_for_level_multiplier_addtl[1]: 1
2021/12/21-19:11:37.432151 120ed4600 Options.max_bytes_for_level_multiplier_addtl[2]: 1
2021/12/21-19:11:37.432152 120ed4600 Options.max_bytes_for_level_multiplier_addtl[3]: 1
2021/12/21-19:11:37.432153 120ed4600 Options.max_bytes_for_level_multiplier_addtl[4]: 1
2021/12/21-19:11:37.432154 120ed4600 Options.max_bytes_for_level_multiplier_addtl[5]: 1
2021/12/21-19:11:37.432155 120ed4600 Options.max_bytes_for_level_multiplier_addtl[6]: 1
2021/12/21-19:11:37.432156 120ed4600       Options.max_sequential_skip_in_iterations: 8
2021/12/21-19:11:37.432157 120ed4600                    Options.max_compaction_bytes: 1677721600
2021/12/21-19:11:37.432158 120ed4600                        Options.arena_block_size: 8388608
2021/12/21-19:11:37.432159 120ed4600   Options.soft_pending_compaction_bytes_limit: 68719476736
2021/12/21-19:11:37.432160 120ed4600   Options.hard_pending_compaction_bytes_limit: 274877906944
2021/12/21-19:11:37.432161 120ed4600       Options.rate_limit_delay_max_milliseconds: 100
2021/12/21-19:11:37.432162 120ed4600                Options.disable_auto_compactions: 0
2021/12/21-19:11:37.432164 120ed4600                        Options.compaction_style: kCompactionStyleLevel
2021/12/21-19:11:37.432166 120ed4600                          Options.compaction_pri: kMinOverlappingRatio
2021/12/21-19:11:37.432167 120ed4600 Options.compaction_options_universal.size_ratio: 1
2021/12/21-19:11:37.432167 120ed4600 Options.compaction_options_universal.min_merge_width: 2
2021/12/21-19:11:37.432168 120ed4600 Options.compaction_options_universal.max_merge_width: 4294967295
2021/12/21-19:11:37.432169 120ed4600 Options.compaction_options_universal.max_size_amplification_percent: 200
2021/12/21-19:11:37.432170 120ed4600 Options.compaction_options_universal.compression_size_percent: -1
2021/12/21-19:11:37.432172 120ed4600 Options.compaction_options_universal.stop_style: kCompactionStopStyleTotalSize
2021/12/21-19:11:37.432173 120ed4600 Options.compaction_options_fifo.max_table_files_size: 1073741824
2021/12/21-19:11:37.432174 120ed4600 Options.compaction_options_fifo.allow_compaction: 0
2021/12/21-19:11:37.432181 120ed4600                   Options.table_properties_collectors: 
2021/12/21-19:11:37.432182 120ed4600                   Options.inplace_update_support: 0
2021/12/21-19:11:37.432183 120ed4600                 Options.inplace_update_num_locks: 10000
2021/12/21-19:11:37.432184 120ed4600               Options.memtable_prefix_bloom_size_ratio: 0.000000
2021/12/21-19:11:37.432197 120ed4600               Options.memtable_whole_key_filtering: 0
2021/12/21-19:11:37.432198 120ed4600   Options.memtable_huge_page_size: 0
2021/12/21-19:11:37.432199 120ed4600                           Options.bloom_locality: 0
2021/12/21-19:11:37.432200 120ed4600                    Options.max_successive_merges: 0
2021/12/21-19:11:37.432201 120ed4600                Options.optimize_filters_for_hits: 0
2021/12/21-19:11:37.432202 120ed4600                Options.paranoid_file_checks: 0
2021/12/21-19:11:37.432203 120ed4600                Options.force_consistency_checks: 1
2021/12/21-19:11:37.432204 120ed4600                Options.report_bg_io_stats: 0
2021/12/21-19:11:37.432205 120ed4600                               Options.ttl: 2592000
2021/12/21-19:11:37.432206 120ed4600          Options.periodic_compaction_seconds: 0
2021/12/21-19:11:37.432206 120ed4600                    Options.enable_blob_files: false
2021/12/21-19:11:37.432207 120ed4600                        Options.min_blob_size: 0
2021/12/21-19:11:37.432208 120ed4600                       Options.blob_file_size: 268435456
2021/12/21-19:11:37.432209 120ed4600                Options.blob_compression_type: NoCompression
2021/12/21-19:11:37.432210 120ed4600       Options.enable_blob_garbage_collection: false
2021/12/21-19:11:37.432211 120ed4600   Options.blob_garbage_collection_age_cutoff: 0.250000
2021/12/21-19:11:37.433280 120ed4600 [db/column_family.cc:598] --------------- Options for column family [avail_light_confidence_factor_cf]:
2021/12/21-19:11:37.433287 120ed4600               Options.comparator: leveldb.BytewiseComparator
2021/12/21-19:11:37.433292 120ed4600           Options.merge_operator: None
2021/12/21-19:11:37.433293 120ed4600        Options.compaction_filter: None
2021/12/21-19:11:37.433294 120ed4600        Options.compaction_filter_factory: None
2021/12/21-19:11:37.433295 120ed4600  Options.sst_partitioner_factory: None
2021/12/21-19:11:37.433296 120ed4600         Options.memtable_factory: SkipListFactory
2021/12/21-19:11:37.433297 120ed4600            Options.table_factory: BlockBasedTable
2021/12/21-19:11:37.433317 120ed4600            table_factory options:   flush_block_policy_factory: FlushBlockBySizePolicyFactory (0x6000002f8040)
  cache_index_and_filter_blocks: 0
  cache_index_and_filter_blocks_with_high_priority: 1
  pin_l0_filter_and_index_blocks_in_cache: 0
  pin_top_level_index_and_filter: 1
  index_type: 0
  data_block_index_type: 0
  index_shortening: 1
  data_block_hash_table_util_ratio: 0.750000
  hash_index_allow_collision: 1
  checksum: 1
  no_block_cache: 0
  block_cache: 0x6000031f4018
  block_cache_name: LRUCache
  block_cache_options:
    capacity : 8388608
    num_shard_bits : 4
    strict_capacity_limit : 0
    memory_allocator : None
    high_pri_pool_ratio: 0.000
  block_cache_compressed: 0x0
  persistent_cache: 0x0
  block_size: 4096
  block_size_deviation: 10
  block_restart_interval: 16
  index_block_restart_interval: 1
  metadata_block_size: 4096
  partition_filters: 0
  use_delta_encoding: 1
  filter_policy: nullptr
  whole_key_filtering: 1
  verify_compression: 0
  read_amp_bytes_per_bit: 0
  format_version: 5
  enable_index_compression: 1
  block_align: 0
2021/12/21-19:11:37.433322 120ed4600        Options.write_buffer_size: 67108864
2021/12/21-19:11:37.433324 120ed4600  Options.max_write_buffer_number: 16
2021/12/21-19:11:37.433325 120ed4600          Options.compression: Snappy
2021/12/21-19:11:37.433326 120ed4600                  Options.bottommost_compression: Disabled
2021/12/21-19:11:37.433327 120ed4600       Options.prefix_extractor: nullptr
2021/12/21-19:11:37.433328 120ed4600   Options.memtable_insert_with_hint_prefix_extractor: nullptr
2021/12/21-19:11:37.433329 120ed4600             Options.num_levels: 7
2021/12/21-19:11:37.433330 120ed4600        Options.min_write_buffer_number_to_merge: 1
2021/12/21-19:11:37.433331 120ed4600     Options.max_write_buffer_number_to_maintain: 0
2021/12/21-19:11:37.433332 120ed4600     Options.max_write_buffer_size_to_maintain: 0
2021/12/21-19:11:37.433373 120ed4600            Options.bottommost_compression_opts.window_bits: -14
2021/12/21-19:11:37.433375 120ed4600                  Options.bottommost_compression_opts.level: 32767
2021/12/21-19:11:37.433376 120ed4600               Options.bottommost_compression_opts.strategy: 0
2021/12/21-19:11:37.433377 120ed4600         Options.bottommost_compression_opts.max_dict_bytes: 0
2021/12/21-19:11:37.433378 120ed4600         Options.bottommost_compression_opts.zstd_max_train_bytes: 0
2021/12/21-19:11:37.433379 120ed4600         Options.bottommost_compression_opts.parallel_threads: 1
2021/12/21-19:11:37.433380 120ed4600                  Options.bottommost_compression_opts.enabled: false
2021/12/21-19:11:37.433381 120ed4600         Options.bottommost_compression_opts.max_dict_buffer_bytes: 0
2021/12/21-19:11:37.433382 120ed4600            Options.compression_opts.window_bits: -14
2021/12/21-19:11:37.433383 120ed4600                  Options.compression_opts.level: 32767
2021/12/21-19:11:37.433384 120ed4600               Options.compression_opts.strategy: 0
2021/12/21-19:11:37.433385 120ed4600         Options.compression_opts.max_dict_bytes: 0
2021/12/21-19:11:37.433386 120ed4600         Options.compression_opts.zstd_max_train_bytes: 0
2021/12/21-19:11:37.433386 120ed4600         Options.compression_opts.parallel_threads: 1
2021/12/21-19:11:37.433387 120ed4600                  Options.compression_opts.enabled: false
2021/12/21-19:11:37.433388 120ed4600         Options.compression_opts.max_dict_buffer_bytes: 0
2021/12/21-19:11:37.433389 120ed4600      Options.level0_file_num_compaction_trigger: 4
2021/12/21-19:11:37.433390 120ed4600          Options.level0_slowdown_writes_trigger: 20
2021/12/21-19:11:37.433391 120ed4600              Options.level0_stop_writes_trigger: 36
2021/12/21-19:11:37.433392 120ed4600                   Options.target_file_size_base: 67108864
2021/12/21-19:11:37.433393 120ed4600             Options.target_file_size_multiplier: 1
2021/12/21-19:11:37.433393 120ed4600                Options.max_bytes_for_level_base: 268435456
2021/12/21-19:11:37.433394 120ed4600 Options.level_compaction_dynamic_level_bytes: 0
2021/12/21-19:11:37.433395 120ed4600          Options.max_bytes_for_level_multiplier: 10.000000
2021/12/21-19:11:37.433397 120ed4600 Options.max_bytes_for_level_multiplier_addtl[0]: 1
2021/12/21-19:11:37.433398 120ed4600 Options.max_bytes_for_level_multiplier_addtl[1]: 1
2021/12/21-19:11:37.433399 120ed4600 Options.max_bytes_for_level_multiplier_addtl[2]: 1
2021/12/21-19:11:37.433400 120ed4600 Options.max_bytes_for_level_multiplier_addtl[3]: 1
2021/12/21-19:11:37.433401 120ed4600 Options.max_bytes_for_level_multiplier_addtl[4]: 1
2021/12/21-19:11:37.433401 120ed4600 Options.max_bytes_for_level_multiplier_addtl[5]: 1
2021/12/21-19:11:37.433403 120ed4600 Options.max_bytes_for_level_multiplier_addtl[6]: 1
2021/12/21-19:11:37.433403 120ed4600       Options.max_sequential_skip_in_iterations: 8
2021/12/21-19:11:37.433404 120ed4600                    Options.max_compaction_bytes: 1677721600
2021/12/21-19:11:37.433405 120ed4600                        Options.arena_block_size: 8388608
2021/12/21-19:11:37.433406 120ed4600   Options.soft_pending_compaction_bytes_limit: 68719476736
2021/12/21-19:11:37.433407 120ed4600   Options.hard_pending_compaction_bytes_limit: 274877906944
2021/12/21-19:11:37.433408 120ed4600       Options.rate_limit_delay_max_milliseconds: 100
2021/12/21-19:11:37.433409 120ed4600                Options.disable_auto_compactions: 0
2021/12/21-19:11:37.433411 120ed4600                        Options.compaction_style: kCompactionStyleLevel
2021/12/21-19:11:37.433413 120ed4600                          Options.compaction_pri: kMinOverlappingRatio
2021/12/21-19:11:37.433414 120ed4600 Options.compaction_options_universal.size_ratio: 1
2021/12/21-19:11:37.433415 120ed4600 Options.compaction_options_universal.min_merge_width: 2
2021/12/21-19:11:37.433416 120ed4600 Options.compaction_options_universal.max_merge_width: 4294967295
2021/12/21-19:11:37.433417 120ed4600 Options.compaction_options_universal.max_size_amplification_percent: 200
2021/12/21-19:11:37.433430 120ed4600 Options.compaction_options_universal.compression_size_percent: -1
2021/12/21-19:11:37.433434 120ed4600 Options.compaction_options_universal.stop_style: kCompactionStopStyleTotalSize
2021/12/21-19:11:37.433434 120ed4600 Options.compaction_options_fifo.max_table_files_size: 1073741824
2021/12/21-19:11:37.433435 120ed4600 Options.compaction_options_fifo.allow_compaction: 0
2021/12/21-19:11:37.433439 120ed4600                   Options.table_properties_collectors: 
2021/12/21-19:11:37.433440 120ed4600                   Options.inplace_update_support: 0
2021/12/21-19:11:37.433441 120ed4600                 Options.inplace_update_num_locks: 10000
2021/12/21-19:11:37.433442 120ed4600               Options.memtable_prefix_bloom_size_ratio: 0.000000
2021/12/21-19:11:37.433443 120ed4600               Options.memtable_whole_key_filtering: 0
2021/12/21-19:11:37.433444 120ed4600   Options.memtable_huge_page_size: 0
2021/12/21-19:11:37.433445 120ed4600                           Options.bloom_locality: 0
2021/12/21-19:11:37.433446 120ed4600                    Options.max_successive_merges: 0
2021/12/21-19:11:37.433447 120ed4600                Options.optimize_filters_for_hits: 0
2021/12/21-19:11:37.433447 120ed4600                Options.paranoid_file_checks: 0
2021/12/21-19:11:37.433448 120ed4600                Options.force_consistency_checks: 1
2021/12/21-19:11:37.433449 120ed4600                Options.report_bg_io_stats: 0
2021/12/21-19:11:37.433450 120ed4600                               Options.ttl: 2592000
2021/12/21-19:11:37.433451 120ed4600          Options.periodic_compaction_seconds: 0
2021/12/21-19:11:37.433452 120ed4600                    Options.enable_blob_files: false
2021/12/21-19:11:37.433453 120ed4600                        Options.min_blob_size: 0
2021/12/21-19:11:37.433454 120ed4600                       Options.blob_file_size: 268435456
2021/12/21-19:11:37.433455 120ed4600                Options.blob_compression_type: NoCompression
2021/12/21-19:11:37.433456 120ed4600       Options.enable_blob_garbage_collection: false
2021/12/21-19:11:37.433457 120ed4600   Options.blob_garbage_collection_age_cutoff: 0.250000
2021/12/21-19:11:37.433638 120ed4600 [db/column_family.cc:598] --------------- Options for column family [avail_light_block_header_cf]:
2021/12/21-19:11:37.433642 120ed4600               Options.comparator: leveldb.BytewiseComparator
2021/12/21-19:11:37.433643 120ed4600           Options.merge_operator: None
2021/12/21-19:11:37.433644 120ed4600        Options.compaction_filter: None
2021/12/21-19:11:37.433645 120ed4600        Options.compaction_filter_factory: None
2021/12/21-19:11:37.433646 120ed4600  Options.sst_partitioner_factory: None
2021/12/21-19:11:37.433647 120ed4600         Options.memtable_factory: SkipListFactory
2021/12/21-19:11:37.433647 120ed4600            Options.table_factory: BlockBasedTable
2021/12/21-19:11:37.433660 120ed4600            table_factory options:   flush_block_policy_factory: FlushBlockBySizePolicyFactory (0x6000002f8070)
  cache_index_and_filter_blocks: 0
  cache_index_and_filter_blocks_with_high_priority: 1
  pin_l0_filter_and_index_blocks_in_cache: 0
  pin_top_level_index_and_filter: 1
  index_type: 0
  data_block_index_type: 0
  index_shortening: 1
  data_block_hash_table_util_ratio: 0.750000
  hash_index_allow_collision: 1
  checksum: 1
  no_block_cache: 0
  block_cache: 0x6000031f40b8
  block_cache_name: LRUCache
  block_cache_options:
    capacity : 8388608
    num_shard_bits : 4
    strict_capacity_limit : 0
    memory_allocator : None
    high_pri_pool_ratio: 0.000
  block_cache_compressed: 0x0
  persistent_cache: 0x0
  block_size: 4096
  block_size_deviation: 10
  block_restart_interval: 16
  index_block_restart_interval: 1
  metadata_block_size: 4096
  partition_filters: 0
  use_delta_encoding: 1
  filter_policy: nullptr
  whole_key_filtering: 1
  verify_compression: 0
  read_amp_bytes_per_bit: 0
  format_version: 5
  enable_index_compression: 1
  block_align: 0
2021/12/21-19:11:37.433683 120ed4600        Options.write_buffer_size: 67108864
2021/12/21-19:11:37.433685 120ed4600  Options.max_write_buffer_number: 16
2021/12/21-19:11:37.433686 120ed4600          Options.compression: Snappy
2021/12/21-19:11:37.433687 120ed4600                  Options.bottommost_compression: Disabled
2021/12/21-19:11:37.433688 120ed4600       Options.prefix_extractor: nullptr
2021/12/21-19:11:37.433689 120ed4600   Options.memtable_insert_with_hint_prefix_extractor: nullptr
2021/12/21-19:11:37.433690 120ed4600             Options.num_levels: 7
2021/12/21-19:11:37.433691 120ed4600        Options.min_write_buffer_number_to_merge: 1
2021/12/21-19:11:37.433692 120ed4600     Options.max_write_buffer_number_to_maintain: 0
2021/12/21-19:11:37.433693 120ed4600     Options.max_write_buffer_size_to_maintain: 0
2021/12/21-19:11:37.433694 120ed4600            Options.bottommost_compression_opts.window_bits: -14
2021/12/21-19:11:37.433695 120ed4600                  Options.bottommost_compression_opts.level: 32767
2021/12/21-19:11:37.433696 120ed4600               Options.bottommost_compression_opts.strategy: 0
2021/12/21-19:11:37.433696 120ed4600         Options.bottommost_compression_opts.max_dict_bytes: 0
2021/12/21-19:11:37.433697 120ed4600         Options.bottommost_compression_opts.zstd_max_train_bytes: 0
2021/12/21-19:11:37.433698 120ed4600         Options.bottommost_compression_opts.parallel_threads: 1
2021/12/21-19:11:37.433699 120ed4600                  Options.bottommost_compression_opts.enabled: false
2021/12/21-19:11:37.433700 120ed4600         Options.bottommost_compression_opts.max_dict_buffer_bytes: 0
2021/12/21-19:11:37.433701 120ed4600            Options.compression_opts.window_bits: -14
2021/12/21-19:11:37.433702 120ed4600                  Options.compression_opts.level: 32767
2021/12/21-19:11:37.433703 120ed4600               Options.compression_opts.strategy: 0
2021/12/21-19:11:37.433704 120ed4600         Options.compression_opts.max_dict_bytes: 0
2021/12/21-19:11:37.433704 120ed4600         Options.compression_opts.zstd_max_train_bytes: 0
2021/12/21-19:11:37.433705 120ed4600         Options.compression_opts.parallel_threads: 1
2021/12/21-19:11:37.433706 120ed4600                  Options.compression_opts.enabled: false
2021/12/21-19:11:37.433707 120ed4600         Options.compression_opts.max_dict_buffer_bytes: 0
2021/12/21-19:11:37.433708 120ed4600      Options.level0_file_num_compaction_trigger: 4
2021/12/21-19:11:37.433709 120ed4600          Options.level0_slowdown_writes_trigger: 20
2021/12/21-19:11:37.433710 120ed4600              Options.level0_stop_writes_trigger: 36
2021/12/21-19:11:37.433711 120ed4600                   Options.target_file_size_base: 67108864
2021/12/21-19:11:37.433711 120ed4600             Options.target_file_size_multiplier: 1
2021/12/21-19:11:37.433712 120ed4600                Options.max_bytes_for_level_base: 268435456
2021/12/21-19:11:37.433713 120ed4600 Options.level_compaction_dynamic_level_bytes: 0
2021/12/21-19:11:37.433714 120ed4600          Options.max_bytes_for_level_multiplier: 10.000000
2021/12/21-19:11:37.433715 120ed4600 Options.max_bytes_for_level_multiplier_addtl[0]: 1
2021/12/21-19:11:37.433717 120ed4600 Options.max_bytes_for_level_multiplier_addtl[1]: 1
2021/12/21-19:11:37.433717 120ed4600 Options.max_bytes_for_level_multiplier_addtl[2]: 1
2021/12/21-19:11:37.433718 120ed4600 Options.max_bytes_for_level_multiplier_addtl[3]: 1
2021/12/21-19:11:37.433719 120ed4600 Options.max_bytes_for_level_multiplier_addtl[4]: 1
2021/12/21-19:11:37.433720 120ed4600 Options.max_bytes_for_level_multiplier_addtl[5]: 1
2021/12/21-19:11:37.433721 120ed4600 Options.max_bytes_for_level_multiplier_addtl[6]: 1
2021/12/21-19:11:37.433722 120ed4600       Options.max_sequential_skip_in_iterations: 8
2021/12/21-19:11:37.433723 120ed4600                    Options.max_compaction_bytes: 1677721600
2021/12/21-19:11:37.433724 120ed4600                        Options.arena_block_size: 8388608
2021/12/21-19:11:37.433725 120ed4600   Options.soft_pending_compaction_bytes_limit: 68719476736
2021/12/21-19:11:37.433736 120ed4600   Options.hard_pending_compaction_bytes_limit: 274877906944
2021/12/21-19:11:37.433738 120ed4600       Options.rate_limit_delay_max_milliseconds: 100
2021/12/21-19:11:37.433739 120ed4600                Options.disable_auto_compactions: 0
2021/12/21-19:11:37.433740 120ed4600                        Options.compaction_style: kCompactionStyleLevel
2021/12/21-19:11:37.433742 120ed4600                          Options.compaction_pri: kMinOverlappingRatio
2021/12/21-19:11:37.433743 120ed4600 Options.compaction_options_universal.size_ratio: 1
2021/12/21-19:11:37.433744 120ed4600 Options.compaction_options_universal.min_merge_width: 2
2021/12/21-19:11:37.433745 120ed4600 Options.compaction_options_universal.max_merge_width: 4294967295
2021/12/21-19:11:37.433746 120ed4600 Options.compaction_options_universal.max_size_amplification_percent: 200
2021/12/21-19:11:37.433747 120ed4600 Options.compaction_options_universal.compression_size_percent: -1
2021/12/21-19:11:37.433749 120ed4600 Options.compaction_options_universal.stop_style: kCompactionStopStyleTotalSize
2021/12/21-19:11:37.433749 120ed4600 Options.compaction_options_fifo.max_table_files_size: 1073741824
2021/12/21-19:11:37.433750 120ed4600 Options.compaction_options_fifo.allow_compaction: 0
2021/12/21-19:11:37.433753 120ed4600                   Options.table_properties_collectors: 
2021/12/21-19:11:37.433754 120ed4600                   Options.inplace_update_support: 0
2021/12/21-19:11:37.433755 120ed4600                 Options.inplace_update_num_locks: 10000
2021/12/21-19:11:37.433756 120ed4600               Options.memtable_prefix_bloom_size_ratio: 0.000000
2021/12/21-19:11:37.433757 120ed4600               Options.memtable_whole_key_filtering: 0
2021/12/21-19:11:37.433757 120ed4600   Options.memtable_huge_page_size: 0
2021/12/21-19:11:37.433758 120ed4600                           Options.bloom_locality: 0
2021/12/21-19:11:37.433759 120ed4600                    Options.max_successive_merges: 0
2021/12/21-19:11:37.433760 120ed4600                Options.optimize_filters_for_hits: 0
2021/12/21-19:11:37.433761 120ed4600                Options.paranoid_file_checks: 0
2021/12/21-19:11:37.433762 120ed4600                Options.force_consistency_checks: 1
2021/12/21-19:11:37.433763 120ed4600                Options.report_bg_io_stats: 0
2021/12/21-19:11:37.433764 120ed4600                               Options.ttl: 2592000
2021/12/21-19:11:37.433765 120ed4600          Options.periodic_compaction_seconds: 0
2021/12/21-19:11:37.433766 120ed4600                    Options.enable_blob_files: false
2021/12/21-19:11:37.433767 120ed4600                        Options.min_blob_size: 0
2021/12/21-19:11:37.433767 120ed4600                       Options.blob_file_size: 268435456
2021/12/21-19:11:37.433769 120ed4600                Options.blob_compression_type: NoCompression
2021/12/21-19:11:37.433769 120ed4600       Options.enable_blob_garbage_collection: false
2021/12/21-19:11:37.433770 120ed4600   Options.blob_garbage_collection_age_cutoff: 0.250000
2021/12/21-19:11:37.433897 120ed4600 [db/column_family.cc:598] --------------- Options for column family [avail_light_block_cid_cf]:
2021/12/21-19:11:37.433901 120ed4600               Options.comparator: leveldb.BytewiseComparator
2021/12/21-19:11:37.433902 120ed4600           Options.merge_operator: None
2021/12/21-19:11:37.433903 120ed4600        Options.compaction_filter: None
2021/12/21-19:11:37.433904 120ed4600        Options.compaction_filter_factory: None
2021/12/21-19:11:37.433905 120ed4600  Options.sst_partitioner_factory: None
2021/12/21-19:11:37.433906 120ed4600         Options.memtable_factory: SkipListFactory
2021/12/21-19:11:37.433907 120ed4600            Options.table_factory: BlockBasedTable
2021/12/21-19:11:37.433918 120ed4600            table_factory options:   flush_block_policy_factory: FlushBlockBySizePolicyFactory (0x6000002f8090)
  cache_index_and_filter_blocks: 0
  cache_index_and_filter_blocks_with_high_priority: 1
  pin_l0_filter_and_index_blocks_in_cache: 0
  pin_top_level_index_and_filter: 1
  index_type: 0
  data_block_index_type: 0
  index_shortening: 1
  data_block_hash_table_util_ratio: 0.750000
  hash_index_allow_collision: 1
  checksum: 1
  no_block_cache: 0
  block_cache: 0x6000031f4158
  block_cache_name: LRUCache
  block_cache_options:
    capacity : 8388608
    num_shard_bits : 4
    strict_capacity_limit : 0
    memory_allocator : None
    high_pri_pool_ratio: 0.000
  block_cache_compressed: 0x0
  persistent_cache: 0x0
  block_size: 4096
  block_size_deviation: 10
  block_restart_interval: 16
  index_block_restart_interval: 1
  metadata_block_size: 4096
  partition_filters: 0
  use_delta_encoding: 1
  filter_policy: nullptr
  whole_key_filtering: 1
  verify_compression: 0
  read_amp_bytes_per_bit: 0
  format_version: 5
  enable_index_compression: 1
  block_align: 0
2021/12/21-19:11:37.433942 120ed4600        Options.write_buffer_size: 67108864
2021/12/21-19:11:37.433944 120ed4600  Options.max_write_buffer_number: 16
2021/12/21-19:11:37.433945 120ed4600          Options.compression: Snappy
2021/12/21-19:11:37.433946 120ed4600                  Options.bottommost_compression: Disabled
2021/12/21-19:11:37.433947 120ed4600       Options.prefix_extractor: nullptr
2021/12/21-19:11:37.433948 120ed4600   Options.memtable_insert_with_hint_prefix_extractor: nullptr
2021/12/21-19:11:37.433949 120ed4600             Options.num_levels: 7
2021/12/21-19:11:37.433950 120ed4600        Options.min_write_buffer_number_to_merge: 1
2021/12/21-19:11:37.433951 120ed4600     Options.max_write_buffer_number_to_maintain: 0
2021/12/21-19:11:37.433952 120ed4600     Options.max_write_buffer_size_to_maintain: 0
2021/12/21-19:11:37.433953 120ed4600            Options.bottommost_compression_opts.window_bits: -14
2021/12/21-19:11:37.433954 120ed4600                  Options.bottommost_compression_opts.level: 32767
2021/12/21-19:11:37.433955 120ed4600               Options.bottommost_compression_opts.strategy: 0
2021/12/21-19:11:37.433956 120ed4600         Options.bottommost_compression_opts.max_dict_bytes: 0
2021/12/21-19:11:37.433956 120ed4600         Options.bottommost_compression_opts.zstd_max_train_bytes: 0
2021/12/21-19:11:37.433957 120ed4600         Options.bottommost_compression_opts.parallel_threads: 1
2021/12/21-19:11:37.433958 120ed4600                  Options.bottommost_compression_opts.enabled: false
2021/12/21-19:11:37.433959 120ed4600         Options.bottommost_compression_opts.max_dict_buffer_bytes: 0
2021/12/21-19:11:37.433960 120ed4600            Options.compression_opts.window_bits: -14
2021/12/21-19:11:37.433961 120ed4600                  Options.compression_opts.level: 32767
2021/12/21-19:11:37.433962 120ed4600               Options.compression_opts.strategy: 0
2021/12/21-19:11:37.433963 120ed4600         Options.compression_opts.max_dict_bytes: 0
2021/12/21-19:11:37.433964 120ed4600         Options.compression_opts.zstd_max_train_bytes: 0
2021/12/21-19:11:37.433965 120ed4600         Options.compression_opts.parallel_threads: 1
